/**:
  ros__parameters:
    image_width: 1920
    image_height: 1080
    camera_name: cam_wide03
    camera_matrix:
      rows: 3
      cols: 3
      data: [985.85378108, 0.000000, 927.71121198, 0.000000, 986.91806216, 571.14106119, 0.000000, 0.000000, 1.000000]
    distortion_model: plumb_bob
    distortion_coefficients:
      rows: 1
      cols: 5
      data: [-0.34638989 , 0.09528817 ,-0.00272152 , 0.0018805, -0.01002379]
    rectification_matrix:
      rows: 3
      cols: 3
      data: [0.999978, 0.002789, -0.006046, -0.002816, 0.999986, -0.004401, 0.006034, 0.004417, 0.999972]
    projection_matrix:
      rows: 3
      cols: 4
      data: [393.653800, 0.000000, 322.797939, 0.000000, 0.000000, 393.653800, 241.090902, 0.000000, 0.000000, 0.000000, 1.000000, 0.000000]
