# Known gate poses in the map frame.
# Format per gate: [x, y, z, yaw]  (metres / radians)
gates_poses:
  gate01:          [12.5,  2.0,  1.45,  3.14159]
  gate02:          [ 6.5,  6.0,  1.45,  2.35619]
  gate03:          [ 5.5, 14.0,  1.45,  2.0944]
  gate04:          [ 2.5, 24.0,  1.45,  1.5708]
  gate05:          [ 7.5, 30.0,  1.45, -0.174533]
  gate06:          [12.2, 22.0,  1.45,  0.0]
  gate07_splitup:  [17.5, 30.0,  4.15,  1.39626]
  gate07_splitdown:[17.5, 30.0,  1.45, -1.74533]
  gate08:          [18.5, 22.0,  1.45, -1.39626]
  gate09:          [20.5, 14.0,  1.45, -1.74533]
  gate10_ladderup: [18.5,  6.0,  4.15, -2.35619]
  gate10_ladderdown:[18.5, 6.0,  1.45, -2.35619]
